0.41874522626148770
0.2984668537204581
0.461047343741539442
0.60166147624818173
0.0269435579894422574
0.76843094100974965
0.90702265798318376
0.54018781067777027
0.89466363995655448
0.6842880862894989
0.04753811251198991610
0.2115590578019366211
0.04536016722951330412
0.659192174436517813
0.082104102130800114
0.383147612487047115
0.720290756379276216
0.686411734574468217
0.848195728934540218
0.2157430272982556719
0.193393335317225820
0.997491374718439821
0.717613536176885822
0.457507713520414323
0.879312034198418124
0.573759201370324425
0.02223060382836805626
0.1469083762297391827
0.793048142543723828
0.647358973869727429
0.283154259370104430
0.83367188930774431
0.822989022829357232
0.518865146715341533
0.0811964904618266434
0.617114559167789635
0.998262054655535336
0.4252667421206667337
0.34364942820399738
0.872121808801652839
0.4724590607679882740
0.833694888625941841
0.72979241830920142
0.1036954176331791343
0.0446397160183620344
0.706965801048694745
0.4541513654355493546
0.793143613951200547
0.04592809645219564448
0.609532015199567249
0.04976963683021773450
0.322242775195218651
0.0156963983913551752
0.674693276014691353
0.744925338247461754
0.3508294469460959755
0.72148231294915556
0.784156972585520157
0.692457015718521458
0.0805704357622846259
0.918835209217209160
0.883809663768067161
0.238787898968763562
0.781888540619941263
0.226317785950279364
0.4053420281215691665
0.4537618324000425366
0.356015795331735267
0.986990087888962668
0.01178713141825049669
0.4355168892461772670
0.3579888902196164471
0.693570287499905372
0.966047839469465373
0.991379209970853574
0.870352503350397775
0.202851692602758676
0.440567971240802577
0.136743501339379378
0.857286425394185179
0.0364188910817134880
0.739496467309262981
0.333424151546535582
0.800616507079679983
0.519512290215861184
0.0422192419280031985
0.900054015224872686
0.438105744746924287
0.709229440720556388
0.9001113005849589
0.502731072088646390
0.4258255046664194491
0.1652980859051047592
0.415505332569422793
0.963295190172371294
0.3885438511174390595
0.766915876381497496
0.611613536200156397
0.886818687773262198
0.8472497344021199
0.7637598616356478100
0.2874768550368123101
0.3617198062026419102
0.33027812226339426103
0.9947917407890142104
0.9743930812623537105
0.8580657883129984106
0.23301861806185709107
0.4320211317389193108
0.556328770418437109
0.5342931059419466110
0.18802664913278155111
0.7217467021571923112
0.43857284023073806113
0.40659014422265827114
0.734245670965626115
0.6770794201200387116
0.716081286265528117
0.36842476641838406118
0.05509279130718847119
0.9750128750562159120
0.7976889559878346121
0.8217624701346687122
0.4830502708949044123
0.019210831066582834124
0.09926631878002723125
0.5793371591514342126
0.13602900450369249127
0.45600434390235933128
0.6189226682357237129
0.11870543613940276130
0.2500528710328377131
0.6601899343155121132
0.8355745408973866133
0.12116910593780295134
0.015479900893833887135
0.7412697829613005136
0.492932026371828137
0.9122331923745847138
0.6363999434967225139
0.6345786413743306140
0.19119415627779512141
0.3423753149249493142
0.1463037251557191143
0.890292691285808144
0.21933790286748933145
0.9503818955406018146
0.466157943759436147
0.6756413728990107148
0.2837097374180826149
0.0953379214163168150
0.8948103630002319151
0.22371766170971363152
0.8330021001857303153
0.5487304545417316154
0.24275359537047925155
0.5244408736054665156
0.7952433422901537157
0.6832168262296373158
0.04068832542293099159
0.8701988650954214160
0.9972887676645867161
0.3270834852448694162
0.9540554092231222163
0.37949095866643434164
0.25349840039452076165
0.19741733020097618166
0.9309383971205517167
0.3494705716478643168
0.8468678436240547169
0.06512889562313795170
0.2265571076613382171
0.895854411194775172
0.23971291132011552173
0.8975240871423803174
0.9394937633760352175
0.25553638163437364176
0.7995952797278241177
0.09130754950297792178
0.31040037677995935179
0.24650315788330002180
0.6239362418982615181
0.06373752467269145182
0.41035563273702183
0.9306816438807165184
0.07986959295873308185
0.7505918007279404186
0.837561437660512187
0.3855151180007763188
0.6333942091363093189
0.09047825926202413190
0.1364618360286467191
0.4835102764574538192
0.9990226157922941193
0.31099230060987204194
0.6287627254140646195
0.4259137689193998196
0.8488484914416813197
0.5757648278545835198
0.08166247247101255199
0.9033144262993966200
0.36847974100207215201
0.017793650011635576202
0.15856151594544798203
0.5486734741275578204
0.5871897859754548205
0.02832048444399271206
0.05558318147080388207
0.13623729621915748208
0.09179793250420454209
0.33189775665158505210
0.6703983322656426211
0.7658620782594956212
0.4976046949446381213
0.8218593266180084214
0.03502700334717168215
0.6573193066935584216
0.5518965589803122217
0.038572743788224395218
0.6282898719991272219
0.47570631743550074220
0.1681794851003402221
0.47018415354051357222
0.7114761106087337223
0.46515694371859306224
0.5017628842030861225
0.25094061825821226
0.1452909619178765227
0.9701601561049943228
0.7454055822798585229
0.27206566441617197230
0.11141225300188917231
0.8976148040166289232
0.20750949416018827233
0.6712872317137811234
0.8282150979222092235
0.17932116258160735236
0.4971729250845872237
0.7532732728390081238
0.8176317619018576239
0.9253716467934303240
0.42888825877013914241
0.7735359027198678242
0.9410410374601191243
0.7782041178602915244
0.6205177838623296245
0.27916396449563874246
0.6277507120377799247
0.1715920573459766248
0.562367345027844249
0.9175845983462546250
0.2001031753963458251
0.9314901406986246252
0.29780718715876464253
0.48830447503057994254
0.21744509425564817255
0.6397430422006953256
0.9328336945869984257
0.5576025358630625258
0.520498079665234259
0.42670355022397144260
0.4967084661640875261
0.17775994475442247262
0.7352763874433145263
0.44297348538495784264
0.410674095143742265
0.35357225348001387266
0.4095702718384321267
0.9167213461391133268
0.25277279640852546269
0.7405281631175986270
0.6072345249067156271
0.3369290429829016272
0.8387388331211031273
0.34151743668471224274
0.4323829979357724275
0.7029996637073174276
0.9880823566122909277
0.9776770238943101278
0.6437288444034162279
0.8382931951200402280
0.41287011515248206281
0.08152225935347235282
0.8044677114947142283
0.41493186740915966284
0.09231365448572881285
0.43048770346555254286
0.8355421186717962287
0.5614607179705362288
0.23892148169951422289
0.27387801993325345290
0.5577239376086307291
0.7260339104176631292
0.23240467555699396293
0.8448874343907681294
0.18284018259090773295
0.41127247220253793296
0.7129709699113325297
0.1165743516718859298
0.14471013327486193299
0.8606130769979877300
0.6266539749166627301
0.9160014650863482302
0.22229329166117406303
0.7229539342404219304
0.7382185145959762305
0.44107005814603306306
0.580498171634164307
0.19558717002579296308
0.14768968217576284309
0.5375255336889884310
0.9988169034756521311
0.36016519780908285312
0.39803738727386284313
0.8253850360885887314
0.20838641775684652315
0.5668092892476058316
0.9558339072271761317
0.6981058558758972318
0.045779427547425366319
0.4661437791201718320
0.9434280933394079321
0.9524267951818353322
0.8978511740332701323
0.01324006452419324324
0.8737703284558022325
0.5809499344740965326
0.41781284682947273327
0.8811078117595219328
0.08267575910412006329
0.7650748834130814330
0.6724644242698014331
0.029953563998435406332
0.3897790869321076333
0.7997300792815589334
0.8271341953962694335
0.2700834354287003336
0.7470637917015486337
0.2140228812690319338
0.8122395110548606339
0.7796291080931635340
0.6392663075201734341
0.4240315869780942342
0.8525624481468744343
0.8640769430529711344
0.3672700008676708345
0.950553830419544346
0.004481959140432035347
0.6352185198664101348
0.7628035124080244349
0.9888163402629542350
0.03594091265536914351
0.38508472169585906352
0.10654710538385115353
0.39536739080499594354
0.6319462820941087355
0.9779728215180484356
0.12084687252761783357
0.19237573812341113358
0.9153746784851408359
0.6677570670140968360
0.7802377471801485361
0.6719517692094767362
0.9077703168730487363
0.030106657212990662364
0.08386814403997456365
0.8411685466918932366
0.7737743759547594367
0.225233270072415368
0.9890896406117985369
0.8392083469628968370
0.34522329742622704371
0.6978054726961714372
0.39306856380286326373
0.2588783828742256374
0.6729598250825146375
0.4969644873586371376
0.7494891478229406377
0.05990567289900306378
0.015054242116571692379
0.7124759391065204380
0.5309046139967597381
0.7192759598093609382
0.9293302399634412383
0.6332177665715228384
0.9458860773050227385
0.7681754736924935386
0.20211449198170706387
0.888370485891049388
0.4033847016972423389
0.26603169855093267390
0.20778379688019466391
0.6731031462597322392
0.12021208784904724393
0.9612355528987638394
0.046688158281286585395
0.6030426975881239396
0.5729577298186967397
0.3942681267044641398
0.7207805767494045399
0.42142398700344863400
0.011300078467124108401
0.09282731600375649402
0.22522671328953747403
0.3959117508234803404
0.3711020412164505405
0.2292117996730585406
0.8133995668254353407
0.9078929531870471408
0.7360859335497418409
0.3995116570009407410
0.4291991090512811411
0.28761209848777347412
0.5287147707605391413
0.3224746454644579414
0.65545163759945415
0.2762721356900164416
0.9374044270124299417
0.46476147298151904418
0.7744550431336393419
0.4753539971000609420
0.016582389727158642421
0.6415711048482363422
0.05048263902135042423
0.3925898304691936424
0.27650495298600875425
0.8883231113683457426
0.443497016947511427
0.3435139917938914428
0.5345825823137448429
0.29245935893459185430
0.22507252089706942431
0.5316745066685931432
0.5412910365128649433
0.19347309918078104434
0.4561705238370364435
0.8439366614282605436
0.8943635949882893437
0.9574377454521764438
0.6567493616263832439
0.5923708262226007440
0.9659854247866274441
0.1383006327223587442
0.745030743936311443
0.940687525513102444
0.4993665600619862445
0.33591545022930636446
0.20994531258415872447
0.9893414558535287448
0.6387023059043513449
0.9145437222026087450
0.46519945583716305451
0.171334100607466452
0.9261451910838784453
0.2222340526142087454
0.21928089335056689455
0.3609094439652102456
0.7609207172769112457
0.10478271479621515458
0.0690447624905528459
0.7980218965413223460
0.18747088422443736461
0.9329097302016471462
0.2977669354247292463
0.7134446181238612464
0.04932706459725522465
0.4198966288846604466
0.6151295870946298467
0.6622633710771018468
0.8311064290769828469
0.03967186829567326470
0.6669316594977343471
0.7848747947881771472
0.4631581258137081473
0.7870216201330165474
0.04749412656970842475
0.9332224119460197476
0.6860648892964762477
0.9596999716146472478
0.36483833069505556479
0.9836122854714224480
0.009734943999052392481
0.12291182390783573482
0.7475180494794368483
0.15109802241129056484
0.08125202111950836485
0.3659621951123633486
0.36403708943826785487
0.6983332328575732488
0.6101760822792095489
0.13109200941161858490
0.90424525675051491
0.1297352104491457492
0.24496754203611049493
0.9094260141135213494
0.25254300019294773495
0.09622729254924811496
0.3048823755969884497
0.050228312150043086498
0.16506928444418933499
0.975153521882187500
0.5185441412749133501
0.9334594388182992502
0.5427688260104112503
0.4684059162589225504
0.5450325468900854505
0.4957425868055413506
0.9869797923010974507
0.9925510880941428508
0.1861653227262453509
0.6794459603497768510
0.688348337781445511
0.6375979783243731512
0.2002301249112044513
0.7598222463382208514
0.6106989229826544515
0.36358219655388857516
0.7978532196254838517
0.6081661561436369518
0.4017428371591224519
0.3171158856489479520
0.622403747092735521
0.3765193225470781522
0.4502689197857336523
0.9932575903235823524
0.8195764464803891525
0.7552954993719162526
0.376806688678334527
0.07221012496552481528
0.45044771262446437529
0.2893213370554967530
0.6618264784703781531
0.7030042682586128532
0.9548009155907465533
0.3828564378076593534
0.12922845623709478535
0.44160972059748316536
0.8684523136796491537
0.743262482240672538
0.1294900427468657539
0.7074731768212545540
0.8935234894883178541
0.05071812656971053542
0.01701758698508893543
0.7945787036797098544
0.16034784427022608545
0.48815865337464226546
0.5468361469016445547
0.3701806246857612548
0.9305306889831798549
0.6712225999564378550
0.7632094133224342551
0.027499753961839235552
0.9909909723850165553
0.6753563958433108554
0.6967075688785247555
0.9493745409946499556
0.7315861868364579557
0.9715006828193684558
0.5293392151940823559
0.780166602016289560
0.3083743455476404561
0.9381447395243246562
0.7896267058764885563
0.009206416046502186564
0.7380472090161804565
0.8387349543695484566
0.5853107365660419567
0.06510081060453943568
0.2630836598782046569
0.9993979156275347570
0.5514972773868099571
0.9094992175968235572
0.28898444659129063573
0.7338607141521354574
0.960609469654835575
0.4439810743201421576
0.6235416196693231577
0.5101650688039108578
0.05956948493992664579
0.5823044146648817580
0.46833430866921155581
0.7230220228396301582
0.16663141774545365583
0.0017479279790126867584
0.7915220168282121585
0.06266640796076606586
0.7011044126638156587
0.46367996585845284588
0.08398324853113848589
0.7647960419240332590
0.7733120976068332591
0.6079209041931246592
0.8249870919527221593
0.9645088555191184594
0.8911674251819555595
0.9439423782318946596
0.9320352440661848597
0.4362876594314491598
0.3611048292590786599
0.7655540380302019600
0.7424949120514682601
0.4219416141321112602
0.7235848274446944603
0.8658274576160199604
0.3084978036882875605
0.9722418500250994606
0.4981005296930098607
0.9972907655585349608
0.1645398894290262609
0.7091863315043744610
0.5327296013323758611
0.2596767165127122612
0.10622418257821231613
0.7148545091886829614
0.1155071446635455615
0.26270647426147353616
0.657887953873315617
0.8373418956816205618
0.8490769934833171619
0.7590928989448901620
0.8399725487150954621
0.301877920594836622
0.9382005903399915623
0.5618491727070312624
0.5736575969257458625
0.8920444658399549626
0.5146022694732229627
0.13437105314563602628
0.33288410259647727629
0.4225741249598819630
0.537891153975587631
0.5540284382449281632
0.6340782150059219633
0.6843459101681028634
0.6941503673016062635
0.7053232694124192636
0.36458341790271676637
0.05811872126560291638
0.48710665027592015639
0.6948797473225352640
0.30165750141141034641
0.4366560232175216642
0.26421041885552476643
0.05375119354613633644
0.42175124543426956645
0.7945204698645256646
0.9416933179917791647
0.24709795311952498648
0.4548761249973393649
0.289906297310208650
0.09499069301073304651
0.011688708337171616652
0.44059713731207273653
0.48475185810298405654
0.4220408331759732655
0.708556818032266656
0.9256463258867595657
0.8051517591529469658
0.7527889593169379659
0.8860603851107474660
0.8098798276200327661
0.5650236125477692662
0.6225189371520197663
0.23750278399920632664
0.820392872845323665
0.011644418562883785666
0.6248695838564347667
0.13326770766832863668
0.7680635847351138669
0.00997018296206853670
0.6681912019347785671
0.07723541946390844672
0.010709973097215664673
0.26988299541145877674
0.3781808668206692675
0.5376337701802824676
0.48163200970717135677
0.866291363527085678
0.6065206342471697679
0.8355023155261116680
0.12231730810507113681
0.4932344349778667682
0.1677700763372738683
0.9917055400126574684
0.8783106955384229685
0.9775190583840083686
0.18532876248554364687
0.646384867818145688
0.7177398070802973689
0.64361097752431690
0.9433103331196083691
0.6887323310505263692
0.2039608851074236693
0.6198909669546796694
0.07579864254784396695
0.3890672729146425696
0.035001881450616334697
0.4829048675591291698
0.8660710388472341699
0.9665450019722088700
0.6965528851088947701
0.24769991246450518702
0.31534413859640786703
0.6717738703807118704
0.5603746635288109705
0.39791915848161274706
0.2408376017497288707
0.5411783488148715708
0.07991813992038888709
0.3736384708985069710
0.8138300243654361711
0.442761187628149712
0.13908019003833427713
0.13508852815122285714
0.5485735228941336715
0.7644631530459575716
0.0770434594699676717
0.5525549963083167718
0.31675590086207406719
0.30710329666442937720
0.9795890142143343721
0.8369307240593715722
0.3763638124625407723
0.24631279332888767724
0.34751718439176804725
0.9191251383272487726
0.09419443904429103727
0.06852023554862241728
0.33158281196687434729
0.7507579262426993730
0.18465197168094394731
0.9603566266731398732
0.9627242154125658733
0.1359208244662381734
0.16367289620129444735
0.6853969011118937736
0.6331207034418237737
0.22258857457357162738
0.8141365223897116739
0.5891185277599142740
0.6228238436640622741
0.28457019752122115742
0.593098467626869743
0.5687683466802381744
0.4484047463109645745
0.4463312161267631746
0.903361917976443747
0.25702415673804957748
0.06609489135060653749
0.7660377543443716750
0.5054677286354018751
0.35822409163711955752
0.517418452121225753
0.8702639234151383754
0.21596170338927656755
0.7590354764837327756
0.353429322089549757
0.722278155574995758
0.292755202901282759
0.6705610455294319760
0.7600949732410234761
0.5388753050112246762
0.6527765545838088763
0.9593415586645802764
0.6089900213903745765
0.6542879204220742766
0.8114431263640951767
0.8170788889544341768
0.45737987747650477769
0.008828623878855746770
0.43680710590242955771
0.9627106185730737772
0.35346569083870005773
0.8416167057462193774
0.4415016653223601775
0.38380119831839465776
0.3420212726442763777
0.5470489534570818778
0.22703688690037993779
0.4804564783577654780
0.2788554996564504781
0.07752519734649599782
0.6176143437472947783
0.006551117752534474784
0.9743952965313695785
0.7452686632171306786
0.48822097420837185787
0.7155369985740752788
0.7688590735194922789
0.5161941890106853790
0.7290807545399277791
0.6269818903218328792
0.2694315200471601793
0.6723300687123729794
0.3300446349802463795
0.2870035552994933796
0.10361747393471366797
0.0540037957209335798
0.1677955061690073799
0.5594726663841393800
0.38625023651772783801
0.8125584432335268802
0.13417483419426945803
0.9723950996873242804
0.3415837399243242805
0.6311685773348811806
0.8243972790776547807
0.5265829694319833808
0.05695320562824091809
0.26701888178937816810
0.9729611901832582811
0.3719842863628501812
0.29719627114143266813
0.9242037486852082814
0.38838549078730933815
0.20471662140073255816
0.33448886425383384817
0.27588076176755405818
0.5796143855833513819
0.03482308917009935820
0.6044666184986083821
0.18917982769716668822
0.5513198747707297823
0.7531118622680464824
0.6733349747064904825
0.05043155480106176826
0.8984356463529631827
0.7956690988263926828
0.056797642939585224829
0.6176635998359801830
0.7115949178674947831
0.7448857737156652832
0.14932915703099725833
0.5369287170353674834
0.17889252550352808835
0.30928062521993893836
0.20507846980927458837
0.9689185005366555838
0.7348421527180741839
0.13480878063407142840
0.8349929912873165841
0.8012879085691442842
0.9680465280155944843
0.21960212936444623844
0.8872322873971856845
0.5371982093594215846
0.7588006197587914847
0.0535953843293967848
0.3634488331929382849
0.6394666349601927850
0.126460158575061851
0.18814349723744805852
0.8182649804799912853
0.6047336834231833854
0.7370113155223563855
0.714581662918956856
0.5955310716925625857
0.13248785281393272858
0.34670367820395276859
0.6275254454005351860
0.4404575206850915861
0.9003730667475563862
0.021987323516004298863
0.8425954604585368864
0.0411994793413657865
0.9297790237823778866
0.2972581649840933867
0.10784809996703015868
0.5543101393176106869
0.40929801240924646870
0.25900581858347926871
0.7100043402398092872
0.9954114674568393873
0.8494597535222173874
0.4706433389704797875
0.8251327433634902876
0.7152138475132865877
0.03777067108955923878
0.5851046088204643879
0.7902655131180779880
0.8312383378361078881
0.34273287399310937882
0.1203120971317776883
0.7669863960195734884
0.09394713712701708885
0.060996524771824046886
0.5158560938662529887
0.3662386060659889888
0.29082855770896654889
0.25905533850166285890
0.5030712271276226891
0.6112479046159359892
0.47389892929357347893
0.7421159968221799894
0.0982540132030999895
0.2596795478489051896
0.7090172873415024897
0.9916644439732444898
0.2843479003122732899
0.163831166689966900
0.162865586033747901
0.9906693341932407902
0.09208997814709385903
0.5331787170641932904
0.9161511033681509905
0.5198257839519138906
0.46138362038918934907
0.012361354333583208908
0.921308723872113909
0.8927811465695137910
0.13564637615015418911
0.6261077090718493912
0.07522467341918226913
0.056095551362686624914
0.17227219042220143915
0.501621115208987916
0.49061581101022755917
0.4779176289864261918
0.28354497218744434919
0.7981181542413182920
0.05156568979247367921
0.20790292132464516922
0.2663946274129144923
0.779209858476613924
0.7777077997680293925
0.1163329312959771926
0.21071107977907866927
0.1790396873652007928
0.586918857364871929
0.711779983023185930
0.8386700395118794931
0.27970855637921765932
0.4460685745712053933
0.9980199917615593934
0.4346387430731232935
0.9809113846823363936
0.1482087083717356937
0.18761759597843775938
0.811167824423579939
0.42135480763924216940
0.9765097077547563941
0.8767169825892842942
0.8534700043871991943
0.4714873240768568944
0.3860592698209341945
0.5273622963771109946
0.6900833630512127947
0.5271204910536674948
0.34956679151320524949
0.40439248069804945950
0.9605019897927143951
0.866993769663163952
0.6908786727551653953
0.6298518529278221954
0.17674422689666713955
0.08331979322560723956
0.5854065687599005957
0.19271541229851485958
0.3115620472614393959
0.14209107479957395960
0.7950592076346059961
0.07513555882145906962
0.8985409782128965963
0.7958467956222646964
0.7461887669692416965
0.9649603986410822966
0.5839300281943836967
0.9178422079363431968
0.2471962707909835969
0.4191096033241446970
0.5933602841472589971
0.07237193978482159972
0.9628257630078395973
0.8626805444843965974
0.665150730772375975
0.9784441279508168976
0.2424753179167085977
0.620702318685891978
0.05048545348261935979
0.8377372099212675980
0.20330090323931616981
0.9618801086029672982
0.4634977333183422983
0.1318774892243526984
0.7510487368443083985
0.6457538454599818986
0.262673136218332987
0.14822272738602849988
0.12522105357750735989
0.9209795433504695990
0.6806621445181921991
0.5655805433105416992
0.8275714630533371993
0.8834895883951984994
0.5819023140358245995
0.7841282011435523996
0.6911066668359775997
0.3886159939385925998
0.874816561897127999
0.327099504149479751000
